 [MAIN] CALL-API: All records
 [MAIN] CALL-API DONE
 -----------------------------------------------------------------------
 |  ID    |   Date   | By Age  |By Gender|By Indust| By Race |By Ethnic|
 -----------------------------------------------------------------------
 |01012012|2012-01-01|   67,981|   67,981|   67,981|   67,981|   67,981|
 |01012013|2013-01-01|   65,742|   65,742|   65,742|   65,742|   65,742|
 |01012014|2014-01-01|   60,170|   60,170|   60,170|   60,170|   60,170|
 |01012015|2015-01-01|   49,467|   49,467|   49,467|   49,467|   49,467|
 |01012016|2016-01-01|   41,727|   41,727|   41,727|   41,727|   41,727|
 |01012017|2017-01-01|   37,432|   37,431|   37,432|   37,432|   37,432|
 |01012018|2018-01-01|   36,984|   36,984|   36,984|   36,984|   36,984|
 |01012019|2019-01-01|   30,894|   30,894|   30,894|   30,894|   30,894|
 |01012020|2020-01-01|   29,674|   29,674|   29,674|   29,674|   29,674|
 |02012012|2012-02-01|   63,965|   63,965|   63,965|   63,965|   63,965|
 |02012013|2013-02-01|   57,203|   57,203|   57,203|   57,203|   57,203|
 |02012014|2014-02-01|   60,528|   60,528|   60,528|   60,528|   60,528|
 |02012015|2015-02-01|   46,818|   46,818|   46,818|   46,818|   46,818|
 |02012016|2016-02-01|   41,975|   41,975|   41,975|   41,975|   41,975|
 |02012017|2017-02-01|   34,658|   34,658|   34,658|   34,658|   34,658|
 |02012018|2018-02-01|   33,002|   33,002|   33,002|   33,002|   33,002|
 |02012020|2020-02-01|   27,473|   27,473|   27,473|   27,473|   27,473|
 |03012012|2012-03-01|   55,645|   55,645|   55,645|   55,645|   55,645|
 |03012014|2014-03-01|   47,491|   47,491|   47,491|   47,491|   47,491|
 |03012015|2015-03-01|   39,775|   39,775|   39,775|   39,775|   39,775|
 |03012016|2016-03-01|   31,564|   31,564|   31,564|   31,564|   31,564|
 |03012017|2017-03-01|   30,115|   30,115|   30,115|   30,115|   30,115|
 |03012018|2018-03-01|   26,231|   26,231|   26,231|   26,231|   26,231|
 |03012020|2020-03-01|   22,243|   22,243|   22,243|   22,243|   22,243|
 |04012012|2012-04-01|   47,942|   47,942|   47,942|   47,942|   47,942|
 |04012013|2013-04-01|   43,963|   43,963|   43,963|   43,963|   43,963|
 |04012014|2014-04-01|   37,097|   37,097|   37,097|   37,097|   37,097|
 |04012015|2015-04-01|   30,021|   30,021|   30,021|   30,021|   30,021|
 |04012016|2016-04-01|   22,208|   22,208|   22,208|   22,208|   22,208|
 |04012017|2017-04-01|   24,094|   24,094|   24,094|   24,094|   24,094|
 |04012018|2018-04-01|   21,828|   21,828|   21,828|   21,828|   21,828|
 |05012012|2012-05-01|   47,437|   47,437|   47,437|   47,437|   47,437|
 |05012013|2013-05-01|   40,134|   40,134|   40,134|   40,134|   40,134|
 |05012014|2014-05-01|   35,211|   35,211|   35,211|   35,211|   35,211|
 |05012015|2015-05-01|   27,728|   27,728|   27,728|   27,728|   27,728|
 |05012016|2016-05-01|   22,869|   22,869|   22,869|   22,869|   22,869|
 |05012017|2017-05-01|   23,441|   23,441|   23,441|   23,441|   23,441|
 |05012018|2018-05-01|   23,570|   23,570|   23,570|   23,570|   23,570|
 |06012012|2012-06-01|   50,160|   50,160|   50,160|   50,160|   50,160|
 |06012013|2013-06-01|   45,379|   45,379|   45,379|   45,379|   45,379|
 |06012014|2014-06-01|   38,798|   38,798|   38,798|   38,798|   38,798|
 |06012015|2015-06-01|   32,850|   32,850|   32,850|   32,850|   32,850|
 |06012016|2016-06-01|   25,404|   25,404|   25,404|   25,404|   25,404|
 |06012017|2017-06-01|   27,686|   27,686|   27,686|   27,686|   27,686|
 |06012018|2018-06-01|   24,406|   24,406|   24,406|   24,406|   24,406|
 |07012011|2011-07-01|   66,821|   66,821|   66,821|   66,821|   66,821|
 |07012012|2012-07-01|   53,990|   53,990|   53,990|   53,990|   53,990|
 |07012013|2013-07-01|   47,229|   47,229|   47,229|   47,229|   47,229|
 |07012014|2014-07-01|   39,698|   39,698|   39,698|   39,698|   39,698|
 |07012015|2015-07-01|   33,839|   33,839|   33,839|   33,839|   33,839|
 |07012017|2017-07-01|   31,841|   31,840|   31,841|   31,841|   31,841|
 |07012018|2018-07-01|   27,123|   27,123|   27,123|   27,123|   27,123|
 |07012019|2019-07-01|   24,845|   24,845|   24,845|   24,845|   24,845|
 |08012011|2011-08-01|   62,064|   62,064|   62,064|   62,064|   62,064|
 |08012012|2012-08-01|   48,880|   48,880|   48,880|   48,880|   48,880|
 |08012013|2013-08-01|   44,819|   44,819|   44,819|   44,819|   44,819|
 |08012014|2014-08-01|   35,813|   35,813|   35,813|   35,813|   35,813|
 |08012015|2015-08-01|   32,696|   32,696|   32,696|   32,696|   32,696|
 |08012016|2016-08-01|   31,544|   31,544|   31,544|   31,544|   31,544|
 |08012017|2017-08-01|   28,285|   28,285|   28,285|   28,285|   28,285|
 |08012018|2018-08-01|   21,434|   21,434|   21,434|   21,434|   21,434|
 |08012019|2019-08-01|   19,012|   19,012|   19,012|   19,012|   19,012|
 |09012011|2011-09-01|   53,481|   53,481|   53,481|   53,481|   53,481|
 |09012012|2012-09-01|   46,928|   46,928|   46,928|   46,928|   46,928|
 |09012013|2013-09-01|   38,618|   38,618|   38,618|   38,618|   38,618|
 |09012014|2014-09-01|   31,975|   31,975|   31,975|   31,975|   31,975|
 |09012015|2015-09-01|   26,412|   26,412|   26,412|   26,412|   26,412|
 |09012016|2016-09-01|   24,889|   24,889|   24,889|   24,889|   24,889|
 |09012017|2017-09-01|   20,745|   20,745|   20,745|   20,745|   20,745|
 |09012018|2018-09-01|   18,128|   18,128|   18,128|   18,128|   18,128|
 |09012019|2019-09-01|   19,012|   15,679|        0|        0|        0|
 |10012011|2011-10-01|   50,354|   50,354|   50,354|   50,354|   50,354|
 |10012012|2012-10-01|   41,201|   41,201|   41,201|   41,201|   41,201|
 |10012013|2013-10-01|   36,629|   36,629|   36,629|   36,629|   36,629|
 |10012014|2014-10-01|   30,605|   30,605|   30,605|   30,605|   30,605|
 |10012015|2015-10-01|   24,581|   24,581|   24,581|   24,581|   24,581|
 |10012017|2017-10-01|   25,132|   25,132|   25,132|   25,132|   25,132|
 |10012018|2018-10-01|   18,229|   18,229|   18,229|   18,229|   18,229|
 |11012011|2011-11-01|   58,336|   58,336|   58,336|   58,336|   58,336|
 |11012012|2012-11-01|   37,633|   37,633|   37,633|   37,633|   37,633|
 |11012013|2013-11-01|   40,594|   40,594|   40,594|   40,594|   40,594|
 |11012014|2014-11-01|   32,257|   32,257|   32,257|   32,257|   32,257|
 |11012015|2015-11-01|   26,047|   26,047|   26,047|   26,047|   26,047|
 |11012017|2017-11-01|   24,858|   24,858|   24,858|   24,858|   24,858|
 |11012018|2018-11-01|   18,965|   18,965|   18,965|   18,965|   18,965|
 |11012019|2019-11-01|   18,491|   18,491|   18,491|   18,491|   18,491|
 |12012011|2011-12-01|   57,925|   57,925|   57,925|   57,925|   57,925|
 |12012012|2012-12-01|   52,667|   52,667|   52,667|   52,667|   52,667|
 |12012013|2013-12-01|   46,441|   46,441|   46,441|   46,441|   46,441|
 |12012014|2014-12-01|   35,999|   35,999|   35,999|   35,999|   35,999|
 |12012015|2015-12-01|   26,047|   30,494|        0|        0|        0|
 |12012016|2016-12-01|   28,841|   28,841|   28,841|   28,841|   28,841|
 |12012017|2017-12-01|   26,310|   26,310|   26,310|   26,310|   26,310|
 |12012018|2018-12-01|   22,814|   22,814|   22,814|   22,814|   22,814|
 |12012019|2019-12-01|   20,110|   20,110|   20,110|   20,110|   20,110|
 -----------------------------------------------------------------------
 | Total             |3,462,170|3,463,282|3,417,111|3,417,111|3,417,111|
 -----------------------------------------------------------------------
 [MAIN] CALL-API: 01012012
 [MAIN] CALL-API DONE
 -----------------------------------------------------------------------
 |  ID    |   Date   | By Age  |By Gender|By Indust| By Race |By Ethnic|
 -----------------------------------------------------------------------
 |01012012|2012-01-01|   67,981|   67,981|   67,981|   67,981|   67,981|
 -----------------------------------------------------------------------
 | Total             |   67,981|   67,981|   67,981|   67,981|   67,981|
 -----------------------------------------------------------------------
 [MAIN] CALL-API: All records
 [MAIN] CALL-API DONE
 -----------------------------------------------------------------------
 |  ID    |   Date   | By Age  |By Gender|By Indust| By Race |By Ethnic|
 -----------------------------------------------------------------------
 |07012011|2011-07-01|   66,821|   66,821|   66,821|   66,821|   66,821|
 |08012011|2011-08-01|   62,064|   62,064|   62,064|   62,064|   62,064|
 |09012011|2011-09-01|   53,481|   53,481|   53,481|   53,481|   53,481|
 |10012011|2011-10-01|   50,354|   50,354|   50,354|   50,354|   50,354|
 |11012011|2011-11-01|   58,336|   58,336|   58,336|   58,336|   58,336|
 |12012011|2011-12-01|   57,925|   57,925|   57,925|   57,925|   57,925|
 |01012012|2012-01-01|   67,981|   67,981|   67,981|   67,981|   67,981|
 |02012012|2012-02-01|   63,965|   63,965|   63,965|   63,965|   63,965|
 |03012012|2012-03-01|   55,645|   55,645|   55,645|   55,645|   55,645|
 |04012012|2012-04-01|   47,942|   47,942|   47,942|   47,942|   47,942|
 |05012012|2012-05-01|   47,437|   47,437|   47,437|   47,437|   47,437|
 |06012012|2012-06-01|   50,160|   50,160|   50,160|   50,160|   50,160|
 |07012012|2012-07-01|   53,990|   53,990|   53,990|   53,990|   53,990|
 |08012012|2012-08-01|   48,880|   48,880|   48,880|   48,880|   48,880|
 |09012012|2012-09-01|   46,928|   46,928|   46,928|   46,928|   46,928|
 |10012012|2012-10-01|   41,201|   41,201|   41,201|   41,201|   41,201|
 |11012012|2012-11-01|   37,633|   37,633|   37,633|   37,633|   37,633|
 |12012012|2012-12-01|   52,667|   52,667|   52,667|   52,667|   52,667|
 |01012013|2013-01-01|   65,742|   65,742|   65,742|   65,742|   65,742|
 |02012013|2013-02-01|   57,203|   57,203|   57,203|   57,203|   57,203|
 |04012013|2013-04-01|   43,963|   43,963|   43,963|   43,963|   43,963|
 |05012013|2013-05-01|   40,134|   40,134|   40,134|   40,134|   40,134|
 |06012013|2013-06-01|   45,379|   45,379|   45,379|   45,379|   45,379|
 |07012013|2013-07-01|   47,229|   47,229|   47,229|   47,229|   47,229|
 |08012013|2013-08-01|   44,819|   44,819|   44,819|   44,819|   44,819|
 |09012013|2013-09-01|   38,618|   38,618|   38,618|   38,618|   38,618|
 |10012013|2013-10-01|   36,629|   36,629|   36,629|   36,629|   36,629|
 |11012013|2013-11-01|   40,594|   40,594|   40,594|   40,594|   40,594|
 |12012013|2013-12-01|   46,441|   46,441|   46,441|   46,441|   46,441|
 |01012014|2014-01-01|   60,170|   60,170|   60,170|   60,170|   60,170|
 |02012014|2014-02-01|   60,528|   60,528|   60,528|   60,528|   60,528|
 |03012014|2014-03-01|   47,491|   47,491|   47,491|   47,491|   47,491|
 |04012014|2014-04-01|   37,097|   37,097|   37,097|   37,097|   37,097|
 |05012014|2014-05-01|   35,211|   35,211|   35,211|   35,211|   35,211|
 |06012014|2014-06-01|   38,798|   38,798|   38,798|   38,798|   38,798|
 |07012014|2014-07-01|   39,698|   39,698|   39,698|   39,698|   39,698|
 |08012014|2014-08-01|   35,813|   35,813|   35,813|   35,813|   35,813|
 |09012014|2014-09-01|   31,975|   31,975|   31,975|   31,975|   31,975|
 |10012014|2014-10-01|   30,605|   30,605|   30,605|   30,605|   30,605|
 |11012014|2014-11-01|   32,257|   32,257|   32,257|   32,257|   32,257|
 |12012014|2014-12-01|   35,999|   35,999|   35,999|   35,999|   35,999|
 |01012015|2015-01-01|   49,467|   49,467|   49,467|   49,467|   49,467|
 |02012015|2015-02-01|   46,818|   46,818|   46,818|   46,818|   46,818|
 |03012015|2015-03-01|   39,775|   39,775|   39,775|   39,775|   39,775|
 |04012015|2015-04-01|   30,021|   30,021|   30,021|   30,021|   30,021|
 |05012015|2015-05-01|   27,728|   27,728|   27,728|   27,728|   27,728|
 |06012015|2015-06-01|   32,850|   32,850|   32,850|   32,850|   32,850|
 |07012015|2015-07-01|   33,839|   33,839|   33,839|   33,839|   33,839|
 |08012015|2015-08-01|   32,696|   32,696|   32,696|   32,696|   32,696|
 |09012015|2015-09-01|   26,412|   26,412|   26,412|   26,412|   26,412|
 |10012015|2015-10-01|   24,581|   24,581|   24,581|   24,581|   24,581|
 |11012015|2015-11-01|   26,047|   26,047|   26,047|   26,047|   26,047|
 |12012015|2015-12-01|   26,047|   30,494|        0|        0|        0|
 |01012016|2016-01-01|   41,727|   41,727|   41,727|   41,727|   41,727|
 |02012016|2016-02-01|   41,975|   41,975|   41,975|   41,975|   41,975|
 |03012016|2016-03-01|   31,564|   31,564|   31,564|   31,564|   31,564|
 |04012016|2016-04-01|   22,208|   22,208|   22,208|   22,208|   22,208|
 |05012016|2016-05-01|   22,869|   22,869|   22,869|   22,869|   22,869|
 |06012016|2016-06-01|   25,404|   25,404|   25,404|   25,404|   25,404|
 |08012016|2016-08-01|   31,544|   31,544|   31,544|   31,544|   31,544|
 |09012016|2016-09-01|   24,889|   24,889|   24,889|   24,889|   24,889|
 |12012016|2016-12-01|   28,841|   28,841|   28,841|   28,841|   28,841|
 |01012017|2017-01-01|   37,432|   37,431|   37,432|   37,432|   37,432|
 |02012017|2017-02-01|   34,658|   34,658|   34,658|   34,658|   34,658|
 |03012017|2017-03-01|   30,115|   30,115|   30,115|   30,115|   30,115|
 |04012017|2017-04-01|   24,094|   24,094|   24,094|   24,094|   24,094|
 |05012017|2017-05-01|   23,441|   23,441|   23,441|   23,441|   23,441|
 |06012017|2017-06-01|   27,686|   27,686|   27,686|   27,686|   27,686|
 |07012017|2017-07-01|   31,841|   31,840|   31,841|   31,841|   31,841|
 |08012017|2017-08-01|   28,285|   28,285|   28,285|   28,285|   28,285|
 |09012017|2017-09-01|   20,745|   20,745|   20,745|   20,745|   20,745|
 |10012017|2017-10-01|   25,132|   25,132|   25,132|   25,132|   25,132|
 |11012017|2017-11-01|   24,858|   24,858|   24,858|   24,858|   24,858|
 |12012017|2017-12-01|   26,310|   26,310|   26,310|   26,310|   26,310|
 |01012018|2018-01-01|   36,984|   36,984|   36,984|   36,984|   36,984|
 |02012018|2018-02-01|   33,002|   33,002|   33,002|   33,002|   33,002|
 |03012018|2018-03-01|   26,231|   26,231|   26,231|   26,231|   26,231|
 |04012018|2018-04-01|   21,828|   21,828|   21,828|   21,828|   21,828|
 |05012018|2018-05-01|   23,570|   23,570|   23,570|   23,570|   23,570|
 |06012018|2018-06-01|   24,406|   24,406|   24,406|   24,406|   24,406|
 |07012018|2018-07-01|   27,123|   27,123|   27,123|   27,123|   27,123|
 |08012018|2018-08-01|   21,434|   21,434|   21,434|   21,434|   21,434|
 |09012018|2018-09-01|   18,128|   18,128|   18,128|   18,128|   18,128|
 |10012018|2018-10-01|   18,229|   18,229|   18,229|   18,229|   18,229|
 |11012018|2018-11-01|   18,965|   18,965|   18,965|   18,965|   18,965|
 |12012018|2018-12-01|   22,814|   22,814|   22,814|   22,814|   22,814|
 |01012019|2019-01-01|   30,894|   30,894|   30,894|   30,894|   30,894|
 |07012019|2019-07-01|   24,845|   24,845|   24,845|   24,845|   24,845|
 |08012019|2019-08-01|   19,012|   19,012|   19,012|   19,012|   19,012|
 |09012019|2019-09-01|   19,012|   15,679|        0|        0|        0|
 |11012019|2019-11-01|   18,491|   18,491|   18,491|   18,491|   18,491|
 |12012019|2019-12-01|   20,110|   20,110|   20,110|   20,110|   20,110|
 |01012020|2020-01-01|   29,674|   29,674|   29,674|   29,674|   29,674|
 |02012020|2020-02-01|   27,473|   27,473|   27,473|   27,473|   27,473|
 |03012020|2020-03-01|   22,243|   22,243|   22,243|   22,243|   22,243|
 -----------------------------------------------------------------------
 | Total             |3,462,170|3,463,282|3,417,111|3,417,111|3,417,111|
 -----------------------------------------------------------------------
 [MAIN] CALL-API: 2015-01-01
 [MAIN] CALL-API DONE
 -----------------------------------------------------------------------
 |  ID    |   Date   | By Age  |By Gender|By Indust| By Race |By Ethnic|
 -----------------------------------------------------------------------
 |01012015|2015-01-01|   49,467|   49,467|   49,467|   49,467|   49,467|
 -----------------------------------------------------------------------
 | Total             |   49,467|   49,467|   49,467|   49,467|   49,467|
 -----------------------------------------------------------------------
